3.1473 1.9312 -0.1009
1.8252 -0.6510 -0.7231
1.7567 -2.3013 -1.2071
1.9876 2.3823 -0.8675
-1.2471 -1.0614 -1.0019
3.3819 2.7758 1.4057
3.3216 2.8414 2.9673
-2.6676 0.1956 -0.3018
-1.7564 0.5970 1.3585
-0.1358 -1.3897 0.9249
0.4910 0.0313 -3.0485
-0.2057 1.4894 0.0288
1.1975 3.9997 1.9234
-2.8083 0.3635 0.1617
1.9265 2.3887 0.4532
-2.3778 -0.7265 -0.2070
2.4294 -2.9241 -2.3814
1.1003 -0.1123 -2.1121
0.8177 0.7413 0.7366
2.4966 1.9323 0.3912
0.1728 -0.1329 -1.1918
3.4407 3.7633 0.7607
-3.0828 0.2169 2.1309
3.9538 2.5447 0.2555
1.1286 0.0394 -2.4274
0.4229 -2.6196 -0.4648
0.3965 -1.2545 -1.6805
-1.3863 0.5535 0.3049
2.0615 2.4230 0.3092
3.5081 0.8358 1.9371
-0.9715 -1.1071 -0.7622
-1.1736 -2.0780 -2.1629
0.9829 -4.7290 -2.8048
1.4244 2.2980 0.4162
1.0978 -4.1919 -2.0725
3.1041 1.4649 1.5881
2.3803 4.4745 1.7111
0.6015 3.9405 3.0473
4.1002 3.1997 0.0686
2.0766 1.7312 -0.6902
2.5187 0.4958 1.8795
-2.1434 -1.2102 1.5594
3.3418 2.2939 3.8868
-1.2727 -4.2306 -3.8231
1.9691 -2.6032 -1.7081
3.1921 3.2064 1.1877
0.7195 -2.0271 -0.2456
1.2629 -3.5886 -1.1499
-0.3527 -1.4660 -0.3624
1.4460 -2.3475 -2.6792
-1.1029 -0.6491 1.4126
-0.3960 -2.0648 0.4887
-0.2556 -0.4445 -0.5422
4.1616 0.8822 0.7204
-0.0071 -3.5461 1.0977
1.5916 -2.0490 -1.8809
3.1260 2.9398 0.9911
-1.5575 1.4477 1.0082
3.3345 2.0675 1.4701
2.0562 2.6188 0.6311
-0.2958 -0.5053 0.6042
1.9692 0.8015 2.0147
-1.2850 -1.0185 -1.9248
3.5467 2.1639 0.7307
4.9736 1.9847 1.6375
1.4406 -1.0700 -1.9070
2.7302 -0.6663 0.1956
-1.7039 0.0174 -0.3852
0.1915 0.2240 1.0688
2.1082 3.1981 0.3335
2.6094 0.4762 1.2716
3.0942 1.5630 0.2509
1.8935 -1.6889 -1.0223
2.4891 1.6430 2.9942
2.6586 2.2746 0.5712
-1.3611 -2.1978 -2.4791
0.3370 -0.3479 2.7238
1.1532 -1.0849 -0.5832
3.8023 3.1200 -0.8361
-0.6350 -1.4369 1.1416
0.9508 1.5129 2.3429
0.0219 -1.4267 -2.6356
0.3689 -3.1034 -0.6794
2.0898 3.2435 -0.8662
3.4485 2.6618 2.9687
1.1678 -2.6882 -3.3359
2.2151 -4.4042 -0.9357
-1.1587 -0.8503 0.0010
4.2627 1.6813 3.1402
1.9224 -2.2626 1.4366
2.9764 0.4975 1.1216
1.4104 0.6635 1.4086
-0.7782 -0.7012 1.1065
1.4077 1.5382 -1.5551
1.5226 -0.1323 -0.7904
3.5797 4.1868 1.3849
2.3600 -0.8259 1.2585
0.7319 -3.0032 -2.3176
3.0710 -2.2393 -1.9251
2.6389 -0.1573 -0.5481
2.7914 2.0747 1.0548
3.8638 -4.4113 -1.3435
2.4604 2.6965 2.3529
2.4459 1.8500 1.0121
4.4854 0.4080 0.8103
0.3009 2.4803 2.6133
-0.1802 -0.8343 -2.0617
1.0464 -1.5101 -0.8493
-0.7095 1.5533 -0.1571
-0.0780 0.1944 1.8305
3.9234 2.7307 0.9698
0.8033 -1.1663 -3.7194
3.7012 1.1718 -0.2583
-0.7484 0.6252 1.2283
2.6616 1.9649 -0.7740
2.6646 1.9869 0.5221
1.2422 -1.5610 -1.1661
-1.5930 0.8797 1.3874
1.5159 -4.3914 -2.8943
4.0175 0.7153 1.2933
0.4489 -1.4517 0.0951
5.0650 3.2670 2.1088
-0.6710 1.3346 -0.0081
2.1605 -0.2145 -3.0511
4.3628 1.6556 0.4412
3.4476 1.0982 0.9397
1.8383 1.4836 0.4616
-1.1228 1.2773 2.1507
0.8616 1.2538 -0.0694
-0.5101 -2.1386 -1.0152
1.1624 -1.3691 0.9012
3.4205 0.9567 0.5928
-1.0430 -0.6207 -0.2670
4.3093 0.4299 2.8586
1.5754 1.6540 -0.3888
-1.3234 -0.5763 1.0108
0.3417 -0.4416 -1.9316
2.4908 1.4475 1.4127
0.4566 -3.0209 -2.2851
0.6078 -2.6569 -2.7287
0.3625 0.2459 -0.6668
1.3030 1.0173 0.2189
0.9912 0.6113 -0.0232
3.7815 1.9533 2.1267
2.0600 2.8007 0.2807
3.1230 2.4412 1.7446
2.0414 2.0470 1.4441
2.9528 2.1101 0.6815
-2.2192 -0.0194 0.5892
0.4940 -2.0685 -2.8655
-0.4087 -0.6398 -1.6857
-1.6185 -0.7354 1.8256
2.3665 2.3986 1.0793
0.9126 -1.4184 -0.1622
-0.4520 1.7133 0.7040
1.7803 -1.5318 0.0712
3.5848 3.4257 1.6381
1.1841 -1.9776 -1.2578
1.0433 2.4211 1.6062
0.2418 -0.4024 -2.9569
1.4036 -0.4715 -3.4220
-2.6306 1.0853 -1.6514
4.3199 2.8763 1.1090
3.3054 -1.6866 -1.6763
1.4130 -2.7902 -2.0981
0.8987 -2.8388 -1.5251
1.6182 -2.7471 -0.9681
2.5543 -3.1180 -2.2857
0.5454 3.0856 -3.0536
0.9293 0.9395 -0.1250
3.7475 1.5597 0.7129
1.4113 -2.7038 -2.1901
3.1002 0.9521 1.2559
1.7812 -3.1497 -2.1684
2.2525 -3.3012 -1.4495
-0.6081 -2.3700 0.2843
2.1276 1.5603 0.1401
0.4008 -2.2584 -3.7519
1.7010 -2.5389 -3.0372
3.2986 2.1139 1.1328
3.8408 1.5829 1.1240
1.0987 -1.8262 -2.3604
-0.0654 -2.3609 -2.3805
3.4028 0.8613 -0.5754
1.7053 2.7734 0.9329
3.5295 3.9220 0.5737
2.6214 3.6380 0.2340
0.9924 2.6060 -0.0364
-0.0835 0.2494 0.8371
0.1565 2.4031 1.6451
-0.2332 1.1474 -0.5170
1.3750 -3.9837 -2.5846
1.7149 -2.4915 -0.3434
0.3116 -3.3520 -1.2088
2.7032 3.0766 2.5334
1.8266 2.1243 1.3545
0.4794 -2.1518 -0.8875
-0.2783 0.3459 -0.3921
-0.1869 0.3660 0.7811
1.2324 -2.7776 -2.5322
2.6239 2.9649 1.2223
1.1943 -1.8797 -2.4769
0.8199 -1.8033 -2.0049
1.4898 -0.3966 -1.3568
0.0376 -2.9926 2.2609
0.3693 2.8156 0.6322
0.8663 -3.0580 -1.6668
0.5494 -0.5235 -1.8633
1.2374 -1.3193 -1.1192
0.0784 -2.0218 -2.3726
2.7653 2.2666 2.6936
0.8978 1.6298 1.1733
0.8066 -1.0512 -2.6483
0.7840 -1.7883 -1.7810
0.1230 -1.9180 -2.3867
-0.5684 -2.7508 -3.1305
1.9651 2.2497 1.9009
-2.3065 -2.2135 1.0441
1.3365 1.8689 1.9109
1.3023 -2.1540 -3.1590
0.8617 -2.5584 -1.3011
1.9010 0.6930 0.2095
0.5249 -0.4598 0.4347
1.8821 2.3211 -0.1357
0.6904 -0.4372 -0.2155
3.9523 2.0152 0.2399
3.4170 0.8375 0.7348
1.7841 1.2723 1.8062
0.9975 1.9823 0.7524
2.4191 0.4414 0.5260
1.3869 -0.2072 -2.2900
1.0876 1.8663 -1.1248
-1.2443 -2.1741 0.4238
1.0265 1.2258 -0.5109
-1.9755 1.8572 -0.1579
-0.4243 2.0133 1.3067
3.7211 2.2386 2.4100
-0.1752 2.3369 2.6034
-2.1826 -1.4800 2.1984
0.9320 0.2249 2.2604
-1.3373 0.4593 -0.5290
3.9965 0.7959 1.1650
1.7761 -0.1345 -2.6866
0.8042 -4.2865 -2.6577
0.6877 -2.1268 -1.6358
1.1282 0.7984 0.6083
3.9143 1.0434 1.5920
1.4800 -2.0368 -2.3112
0.5531 -2.6803 -1.5565
3.1120 1.5062 2.5772
1.3774 -0.3733 -0.8146
0.3729 -3.9694 -2.9923
1.6855 -0.0470 -1.3751
0.5388 1.4735 0.7214
1.4895 -2.7241 -1.0729
3.2034 3.3924 0.8979
2.9300 1.8896 0.8428
-0.9629 -2.1990 -2.2992
1.4372 -2.5234 -2.5817
0.5102 -1.3458 -1.6743
-0.9938 1.6921 1.7755
3.7904 0.7916 1.0716
3.0552 1.8544 2.2539
1.5175 -2.1284 -1.1777
-1.4712 -1.3821 -2.2656
1.2884 -0.7850 -3.7456
3.6185 0.7954 0.4359
2.0438 -2.2963 3.3895
-0.1904 0.1689 -1.1263
1.2895 -0.1770 -1.3513
0.2196 -2.5613 -0.5386
0.2714 -1.6581 -0.7172
1.1558 -0.5725 0.7315
-0.3585 -1.3154 -2.0905
1.0078 -1.6541 -2.2325
4.8596 3.6932 0.2237
0.3475 1.4400 -0.0212
1.0207 -2.2975 -1.3811
1.5485 -1.8870 -3.2649
5.3096 1.6206 0.8856
-0.4947 1.1086 -0.4084
0.0326 -1.6176 -2.1285
1.2927 -2.2260 -2.1020
1.5874 -1.9479 -2.2150
-0.5053 0.4063 -0.9383
0.5569 -1.0658 -0.9289
0.2867 -3.3044 -3.0946
3.3848 0.8498 0.8235
5.1076 0.2169 1.3239
-0.3226 -1.6388 0.0169
2.0929 -0.3046 0.1463
4.0889 0.5793 -0.1863
3.6893 1.6456 0.7240
-1.9699 1.5400 1.4541
0.2436 0.4371 0.3444
3.6929 2.0331 1.9704
0.8330 -2.9442 -1.0103
2.5406 2.3098 1.1297
4.1900 1.7408 0.9763
1.2838 1.3825 1.9901
-0.0937 -0.2269 2.3319
1.1446 -1.1109 -2.0454
4.4066 2.2431 0.3879
3.1859 2.4206 1.9125
1.9530 -2.0040 -1.7193
1.7835 1.8709 0.3523
1.0544 1.9613 0.5767
2.3964 2.0019 1.0908
0.8125 -0.9949 0.6268
1.3668 0.3474 0.8176
1.3152 -2.5802 -2.2178
-1.8936 0.9599 2.0032
1.4572 -1.1117 -0.8581
1.0140 -1.9188 -2.4580
2.1429 -3.0106 -2.6851
-0.3121 -1.5287 -1.6962
-0.7261 -0.7028 0.8119
-0.4042 2.1613 -0.7962
0.3815 1.2276 -2.6061
3.2195 1.3533 2.1005
0.6573 -1.4063 -1.4300
3.8971 1.5155 0.5492
3.0084 1.8213 1.2543
3.0313 2.6845 1.1420
0.7335 1.6765 0.9223
0.3927 0.8810 -0.7089
0.1844 -1.6218 -2.9215
0.6978 -1.4219 -1.4048
-0.0208 -1.2581 -2.7637
-0.4441 2.8246 1.3253
-1.7593 -0.6751 -0.1574
0.3855 -3.0788 -0.9774
1.0840 -2.6412 -2.0523
3.5287 3.0802 1.2009
1.4676 -3.3052 -1.9393
1.4528 3.0810 0.6792
0.1283 -1.0516 -2.5294
1.2406 1.1194 2.2531
-1.6814 2.5562 -0.4920
0.5144 -0.1263 -1.6456
-1.0783 -0.8490 1.6913
-0.3738 -2.2172 -2.2253
0.6923 0.8151 -0.5165
-2.7109 2.4937 -0.3787
1.4977 -1.4885 -1.3539
-1.7868 -0.9621 1.1142
3.7496 0.2927 1.3678
3.0247 2.6418 0.3113
0.9447 -2.5200 -3.3996
-2.7926 -1.5229 0.9387
3.7281 3.4343 0.4792
3.3594 1.2063 2.7394
2.6273 3.1726 0.5373
-2.6322 0.3290 0.2982
0.6215 -0.9798 -3.2857
1.0458 -1.9460 0.5711
-0.2493 -0.7212 0.8384
-0.2712 -1.2768 -1.7667
-0.8015 -0.0645 -1.1073
0.3132 -0.4539 -1.6134
4.1369 2.9306 1.0253
0.2706 -1.7568 -1.2693
1.6937 0.8097 0.7278
0.8329 -1.8840 -3.1083
1.7984 -2.0161 -0.7401
0.6893 -1.0356 -3.2008
1.3471 0.4018 0.9103
3.1037 2.6840 1.9594
2.1979 1.1322 0.2271
-1.2384 -0.0282 -1.5282
2.6404 0.7837 1.1246
1.5867 -2.8382 -1.7052
-0.6855 -0.8207 -0.9700
0.7633 -1.8490 -2.5529
1.9856 1.8270 2.2924
2.7212 3.5168 0.4117
3.6897 6.0329 1.2488
-1.8904 0.1822 -1.4901
2.9891 -3.8794 -2.1954
-0.8561 -1.0425 0.9391
-0.2679 -1.6381 -0.2928
3.6504 3.0513 1.2948
2.3778 3.1008 1.3418
0.9868 -1.4635 -1.0211
4.3328 1.2643 1.2497
-0.5423 -2.4874 -2.2836
0.7016 -0.9142 -1.3854
1.2337 -2.1284 -0.1382
0.6674 -1.9404 -1.4784
1.7874 0.6020 0.1287
2.6007 -2.3305 -1.2504
0.0997 -0.8254 -2.5291
1.8228 -2.4984 -0.8147
0.1647 -1.6571 -1.4199
0.7708 -2.8255 -2.8285
1.2386 -2.9996 -1.4007
0.9741 0.5700 -0.3291
2.6966 -0.8588 -2.1226
1.3636 -0.9930 1.9069
5.8239 2.8170 1.3804
1.9430 -3.4321 -1.6231
2.4364 1.2813 0.3328
3.0815 3.6505 1.1684
-0.1732 -3.0910 -2.9923
-1.1436 -2.1576 0.9142
0.0335 -1.3874 -0.2973
3.5404 2.6699 1.6826
2.8352 2.5238 0.4981
-0.1058 1.8022 1.2516
-0.0268 -1.7726 -3.7486
1.3232 -2.8928 -0.8490
1.7070 -1.4733 -1.9113
1.1271 -1.0363 -1.1407
0.4360 -1.0952 -2.9278
1.1067 1.1935 -1.0197
2.8713 0.3559 2.8672
1.7586 -1.6943 -3.2370
2.4760 3.1921 -0.3653
2.5053 -1.9637 0.8080
2.3828 -1.3657 -0.3174
2.7336 4.2352 1.1561
-0.8135 0.3558 1.0413
3.3856 1.2835 1.7718
4.3927 3.0318 0.4953
3.3102 0.7866 -1.9686
0.5654 -2.7615 -1.2051
-0.0019 -1.7270 -0.4619
-0.5157 1.0587 0.0652
1.9445 -1.8518 -0.7765
1.3410 -3.3866 -2.9775
2.4089 -1.8186 -2.3847
0.7498 -1.6195 -0.3117
-0.1378 -2.6436 -3.6218
2.3078 -2.2008 -3.0306
0.0596 -2.7488 -1.1967
-0.8985 -1.0275 1.0896
-1.2603 2.9389 -0.9184
-0.3114 -1.3433 0.3603
-0.0244 -0.4306 1.6635
1.6794 -0.5547 0.5173
-0.9402 1.9654 0.6088
2.1415 0.6764 2.2269
1.9564 -2.0778 -1.2878
4.6556 2.4341 1.7861
0.7028 -1.0415 -1.6642
2.7073 -2.8987 -1.2298
0.7027 -2.0414 -2.6566
2.1027 -0.7127 -2.4095
3.4722 0.4607 2.2603
-1.5254 0.7431 2.9418
2.1848 -2.6729 -1.7011
4.1443 0.8157 1.6272
0.1850 1.7372 -0.3911
1.3739 -1.5530 -2.9396
2.9168 2.1334 1.0924
-1.5622 -0.9362 2.1942
-0.3360 0.0357 -2.5360
-1.8977 -0.5442 -0.1555
3.2046 1.1991 1.0838
-0.7265 1.7167 -0.4130
4.2615 1.5819 1.3451
2.3365 -3.7406 1.2490
2.0736 -1.1729 -2.6369
-0.1094 -1.1774 -1.2585
-1.0949 -1.9232 -2.1407
1.6847 1.6706 1.1851
1.0323 -1.7626 -2.5746
-0.1737 1.4177 -0.1950
-0.2781 0.0916 -0.2795
0.9550 1.8847 1.6961
2.4717 1.7724 2.1589
1.7000 -2.7433 -2.5154
3.1812 2.3676 -1.1408
2.4881 2.2917 -0.5104
-2.0271 1.6853 -0.3980
0.5251 -2.9250 -2.1428
-0.0528 -0.2480 -2.1435
-1.0374 0.7881 2.5982
0.5628 -0.7729 -2.8269
2.2317 2.1194 0.0586
0.8342 -0.4619 -0.9791
0.3143 0.7307 1.2213
2.0824 3.4181 1.9580
3.0646 -3.1847 -0.6892
4.1060 2.1024 1.1522
1.8038 -0.9349 -1.3180
-0.0905 0.2358 -1.4280
1.2675 2.9307 2.1275
-1.6116 -0.8362 1.4918
-0.2594 -1.8575 0.2526
0.1302 -2.1412 -2.5840
5.1649 2.5233 0.7293
0.3990 -1.6166 -1.9066
0.9242 -2.1612 -1.4732
-1.0191 -1.8310 0.9243
2.1111 -2.6637 -1.9793
2.6143 -1.9824 -0.1180
1.3686 -1.3263 -1.7335
2.5125 2.3757 -0.3574
-0.6700 -1.4492 -0.7148
4.1466 1.3927 1.1078
-0.4759 -1.5533 -1.8932
1.8347 1.3296 -0.0304
1.8901 -0.1530 -1.4487
2.4551 1.9257 1.4679
1.8589 -1.5298 0.1891
3.5290 2.1217 2.4402
-0.0140 -0.4224 1.4705
1.2265 -1.9241 -0.7554
1.3553 2.5813 1.5050
-0.6712 -2.5238 1.8097
0.2081 0.2175 -1.2514
2.7500 1.0967 -0.9660
0.3370 -0.8818 -1.7293
-0.2326 0.1407 -2.6459
2.5681 0.7766 1.7569
1.1710 -1.3853 -1.4709
3.7969 3.5426 2.2372
-1.1375 2.1960 -0.7131
-1.7636 0.4163 -0.3988
3.6411 1.9790 1.1583
1.2311 -2.0113 -2.9536
0.1196 -1.9875 -0.1702
0.2888 -1.7746 -0.6081
-0.9604 -1.0022 -1.0986
1.4298 -1.8113 -2.6005
1.3081 3.1212 1.6463
2.5258 2.8715 1.6577
0.6705 -1.5505 -3.1421
1.6372 2.1072 1.3605
-0.1214 -1.4442 -3.2488
0.0609 -3.1401 -2.2301
1.7768 -1.5063 -2.4265
-0.7635 -1.0709 -2.4731
2.3174 2.3334 1.7217
-0.0257 -2.0831 -1.5123
1.4649 -1.9705 -2.0494
-1.4629 -2.6680 1.0011
-0.3715 -2.3545 -1.1127
-1.7391 0.5071 -0.7663
2.3172 -2.1138 -3.0616
0.4338 -0.5788 -2.4449
3.8571 2.1513 0.8289
1.5680 0.4903 1.4675
0.6128 -1.2993 0.4336
4.4291 2.2971 1.5425
2.9639 3.9520 0.7271
-0.5688 -1.5453 -1.3407
5.0337 1.0766 1.9516
-0.5691 -2.3646 -2.0999
2.2033 -2.3091 -0.4141
2.6362 2.3728 1.8339
-0.3255 -0.9480 -1.5645
-2.1007 1.1545 2.5329
3.2427 1.0476 1.8214
-0.0827 -1.8933 -2.1313
2.9133 2.3862 -1.5081
-0.3567 2.1617 0.6701
0.8738 0.7330 -1.4886
2.0480 1.1684 1.9664
1.8416 2.8539 2.1123
-0.9228 -1.2063 1.7963
0.8516 1.6041 -0.3830
2.5534 1.6252 1.4420
3.9607 2.2048 1.9456
1.3484 -2.5948 -2.7735
-0.1704 -3.4132 -3.7655
2.8610 0.8579 -0.8259
1.2533 -2.1530 -2.4887
-0.6423 -1.5012 0.5134
-0.1650 0.9955 -1.2820
-0.9700 0.9189 0.3285
-0.4404 -0.2102 -0.7219
1.6873 -1.3984 -0.9661
2.4189 -3.5314 -2.6420
0.7780 -1.1313 -1.4466
1.5603 -1.0580 -3.6286
0.3927 -2.1809 -2.2197
-1.4623 -2.7506 1.1837
1.5649 -2.4306 -1.5477
0.9379 -2.7225 -1.6716
0.0556 -0.3964 1.0294
2.9283 1.5208 1.6648
3.2358 3.2476 1.0427
-0.5561 1.3753 1.9583
3.4235 2.8276 1.1196
2.5844 0.7558 2.4275
1.6255 -1.6351 -1.8308
-1.2246 -1.1401 0.8231
2.1859 -1.2436 -1.6349
1.1664 -2.2359 -1.7264
2.2409 -0.1610 1.3416
0.1106 1.6510 0.6605
2.9699 2.4488 0.8275
1.3140 -1.8800 -2.1361
-0.0145 0.4115 1.5499
3.1305 1.5109 1.0673
2.9310 2.5218 -0.8317
2.4322 3.7457 0.1857
1.0601 -0.9361 -0.9543
2.5046 0.7553 1.5749
3.2956 3.7438 -0.4066
1.2522 0.1944 -0.3887
0.5132 -1.5965 -2.9108
-0.4001 -3.1384 1.3998
1.1622 1.4816 -0.0545
1.7938 2.0643 -0.0893
-1.1041 -3.8841 -2.5900
-0.9881 -1.0569 -1.8632
1.1116 -1.7139 -2.4834
3.1495 3.9332 2.9483
1.3580 -2.7462 -2.4654
4.2628 1.3224 0.4435
-1.3746 0.8459 0.2113
-0.2191 1.0923 -0.5767
-1.0138 -2.7113 -0.6387
0.3431 -2.1829 -1.4501
1.9210 0.2415 -2.1650
4.1799 0.8970 -0.1327
1.1913 1.2827 -1.1178
-0.7248 -3.0776 -1.7725
3.1515 2.0841 1.0609
1.3002 1.3279 1.5236
3.7375 2.2237 0.4961
0.5565 -1.4315 -4.1584
0.7069 -1.1214 0.7454
3.8092 2.5883 0.6124
1.0092 1.5426 0.8642
2.3124 1.7714 4.2939
4.3709 1.7689 0.0839
3.4709 0.9969 1.5438
3.4352 0.5819 -0.4940
1.9059 -1.4054 -3.6971
2.9758 1.1560 -1.0663
2.2914 2.6869 1.3719
3.9233 1.6501 0.1519
2.4710 0.3187 0.3483
0.3138 -1.7725 -1.7748
1.1680 -2.3728 -3.4226
2.0957 0.6504 0.8865
1.5850 0.5905 0.3008
3.6331 2.0853 1.6384
3.3522 0.5804 1.3509
2.5586 1.5515 0.4966
1.0052 -0.6593 1.0701
2.0868 2.0949 0.7669
-0.6604 -0.7641 -0.5426
1.9721 3.1106 -0.8009
0.7516 2.2604 -0.3603
1.3908 0.8366 -1.2713
0.9887 -2.4727 -2.3182
-0.3945 -0.9652 -0.8719
3.6519 1.1700 -0.1970
1.4157 -2.2592 -4.0790
0.2336 -0.4222 -1.9162
2.8282 2.5027 -0.1565
-1.6161 1.6227 -2.5948
1.0974 -1.3673 -2.3914
0.4616 -1.0914 -0.0828
1.4014 1.8372 0.4514
0.4658 -2.1077 -1.0348
0.8375 -0.3943 -2.2249
2.7943 -2.7708 -1.6361
0.8415 -1.8930 -4.2220
1.8204 -2.0025 -2.2957
5.2502 0.3538 0.9664
0.0287 -3.7619 -2.8439
2.8048 -0.0326 0.3703
-0.5196 1.1146 -2.1516
2.6240 -1.2675 -2.5422
2.9385 -3.5259 -0.8426
1.8997 1.8886 1.1665
-0.8151 -1.2937 -0.8717
0.8413 -1.3357 -2.0152
3.1183 1.6852 0.4161
-0.7903 0.9382 -0.5006
3.2099 -1.6959 -0.7216
-0.3089 -2.5276 -2.3423
-0.9981 0.4798 0.5493
3.0394 3.0639 0.2622
2.0222 -1.7140 -1.8784
1.1333 -1.5211 -1.2983
1.1838 3.1570 1.1908
1.2592 0.1494 -2.8348
4.3322 3.9088 0.9032
3.6346 -0.0349 1.6848
1.0895 -2.5346 -2.6681
-0.2815 -2.7201 -3.1053
-0.3685 -4.6810 -0.5749
0.4405 -0.4336 0.7749
-1.2323 -1.5318 -0.7745
1.2136 -3.1135 -2.4439
-0.2706 -0.9503 -2.9841
3.4635 1.3635 0.9803
0.9651 -2.3908 -2.7542
-0.3317 -2.4568 -3.2709
0.9471 -3.4090 -0.6537
1.6128 -2.6122 -1.1114
1.3115 -1.2464 -0.9926
2.5571 1.3023 -0.4690
1.4141 0.9071 1.0738
-0.3323 -0.3283 -2.6225
1.0600 -1.8995 0.6369
-0.0189 -0.3748 -0.6877
1.4588 1.0316 -0.3935
-1.6299 -0.8274 -1.1921
1.1729 1.9384 -1.6459
-0.7921 -0.7193 -2.3645
0.2915 -1.4060 -1.1184
0.4150 -0.5619 1.5445
3.1438 -1.8206 -1.2342
0.9184 -3.3173 -1.4479
0.6986 -0.2368 -1.2620
0.6708 -1.4766 -1.1898
1.6222 -2.4977 -1.2512
0.9046 -1.6658 1.8541
-0.7973 -1.2844 -2.2286
1.7453 -3.3264 -1.4844
0.3301 0.1185 1.0656
1.9408 0.6966 0.0951
0.5564 -0.9472 -1.6513
-0.4490 0.5039 -1.4785
2.1062 3.3729 2.6418
-0.3484 -1.2326 -0.8570
0.9133 -0.8759 -0.3602
3.0173 -3.3625 -1.2500
1.2617 -2.9289 -2.5369
1.1276 -2.2776 -0.5353
3.9742 1.9394 -0.3047
0.2067 -3.0215 -2.2713
2.6411 1.8322 2.6131
1.2195 0.0695 -0.8539
3.4796 1.2389 0.5559
4.0151 4.3069 -1.0296
-0.1158 0.6928 -1.0264
2.4201 2.5792 -0.3696
2.8432 1.8465 2.5579
3.1763 2.4251 2.5341
-1.4340 -0.3602 -0.7062
1.0914 -2.6135 -0.4095
2.0671 1.0735 0.3444
3.1167 0.9035 -0.1598
1.5865 -1.0221 -0.2717
-0.1572 -2.2943 -2.2106
-1.5079 1.2823 -1.8558
1.5139 2.6871 0.4826
1.3037 -2.2608 -2.1143
3.5739 2.4800 1.4347
-0.6002 -2.8543 -2.2204
-1.8819 -0.2968 -0.1510
-0.3258 -1.1613 -0.9006
1.2618 -2.2755 -1.4058
2.2774 3.2492 1.3062
3.3253 2.2209 0.4036
-0.0160 -3.3068 -0.7780
0.2562 0.3692 1.8035
1.4508 -0.6396 -0.4625
2.1624 -0.8469 -2.2299
1.6862 0.0917 -0.4421
2.5629 1.9443 -0.0888
0.4568 1.2151 0.1868
1.2762 -1.1109 -2.7103
0.0135 1.2945 1.4495
2.3085 2.6612 2.2074
4.5203 2.7735 0.7269
-1.7174 1.0267 -0.5709
1.9946 -2.5538 -1.0885
-1.3293 1.6066 -1.3944
2.4200 2.5985 1.3910
3.8790 2.3803 0.6351
2.2987 1.3940 0.7994
-0.2046 -3.1259 -2.7077
1.3791 -0.2836 0.6592
3.4826 2.2757 1.6017
1.1150 -2.5418 -1.8265
0.5935 -2.9168 -3.4033
0.4661 -1.2805 -2.9193
0.3757 -0.2037 0.0649
3.5971 3.3318 -0.2627
1.5661 0.3662 0.8479
0.5899 -0.5968 1.7249
1.5417 -2.5299 -2.3650
1.1078 -3.2914 -0.6386
3.4653 1.9022 0.9733
3.9423 0.7805 0.5739
2.2617 0.1784 -0.9204
0.4177 1.8412 0.6022
-0.3176 0.1528 2.3528
1.5816 -0.8290 -1.7815
0.2841 -2.6157 -1.7218
1.9122 -2.0394 -0.8293
2.7682 0.6866 1.2187
1.9807 1.1720 1.8692
2.1220 1.9659 0.2025
-0.2136 -2.1870 1.0931
4.3879 1.8374 1.2404
2.0417 -0.6471 1.9789
3.0892 2.3643 0.7434
-1.4064 0.3851 -0.6492
3.7019 2.1612 -0.0857
4.2505 1.6691 2.9870
-0.5784 -2.2180 -2.6909
1.6286 -0.7497 2.1456
1.0575 3.6605 -1.0752
-1.4309 -2.4822 0.0602
0.7462 -1.7830 -2.9330
0.9385 -1.1313 0.6256
3.8679 -2.4478 -1.6613
2.3188 0.8187 0.3062
2.3051 1.9558 1.3909
2.3736 2.0448 1.2973
-0.0353 -0.3306 0.4140
1.8401 1.0054 -0.6150
2.8244 3.2827 0.6011
1.0988 -1.6609 -1.4165
2.1035 2.1250 1.7304
3.8056 0.1014 0.9296
2.4281 5.0417 1.6378
4.7520 2.1409 -0.4896
2.8467 2.0150 -0.6650
2.0439 -2.8791 -2.2520
2.8416 -2.3310 -1.9805
0.9952 -1.1645 0.3105
-0.1963 -2.2058 -2.1738
4.0242 0.8629 2.5130
1.9565 1.4893 0.7853
3.0801 3.0927 -0.3214
1.0267 -1.2644 -1.2660
2.7680 2.4110 -0.8910
2.6375 1.8854 0.8745
2.0335 -0.3118 -1.2962
-0.5141 -2.9808 -1.4246
-1.9156 0.7257 -1.5705
2.4511 -2.9721 -1.3385
3.0950 -0.0421 1.0072
0.5853 -0.8786 -3.3297
2.0093 -0.0362 1.9918
1.3168 -1.6888 -1.1341
0.9366 3.3624 0.8556
-0.2762 -0.8033 1.5219
1.8688 2.0168 0.9886
1.5428 -0.8819 -2.3751
-0.3296 -0.8687 -1.4702
0.6576 0.1363 -0.1857
-0.0564 -0.5181 -4.3776
-0.4349 -3.0825 -2.6635
2.0425 1.2036 2.5650
1.2061 -2.7931 1.8636
1.3310 -0.4933 -1.8288
1.6205 0.5406 1.4518
3.2465 1.4304 1.0295
0.6822 -2.7487 -2.9679
0.3360 -1.3784 -0.8120
1.1810 0.3500 -1.0121
2.4246 0.8225 0.9281
3.3482 2.4542 1.3711
1.4732 -3.2509 -2.3033
2.2851 -2.6036 -1.0822
-1.4278 2.6909 -2.9387
-0.3569 -1.7025 -0.7303
1.8693 -2.3679 -1.0609
0.7946 0.2981 -0.1973
-0.3991 -1.8094 -1.8877
4.1563 2.0745 1.7829
0.8446 1.7075 0.5642
1.9896 -2.0387 -3.7013
-1.4445 -1.1534 0.0013
-3.2104 1.1510 1.7682
-0.0074 -3.7015 -3.7049
0.0387 -1.4459 -2.3549
-1.1425 1.2464 0.0083
2.4732 1.3018 0.5083
1.4685 1.0531 -2.1782
-1.7173 1.1253 1.7735
0.6625 -0.6519 -0.7799
0.2736 -3.3282 -1.9739
1.6945 1.1274 1.0768
2.0216 2.3640 2.8151
-1.9139 0.6619 -1.6846
2.5933 2.9245 0.3664
1.1591 -0.0665 1.3434
4.6073 1.5850 0.6494
-0.3668 0.6313 0.3777
-0.2038 0.2188 0.0013
1.4153 -2.0460 -1.1895
3.1591 2.3484 2.3655
-0.9361 -3.7261 0.0368
-1.0008 0.8522 -0.4520
4.9427 -0.2740 2.1467
-0.8450 -3.0110 -3.9734
0.2444 -0.9049 -0.4753
1.7225 -0.7080 -1.9068
2.1461 -2.5801 -0.7208
1.4378 1.8949 -0.4632
2.8772 -2.2886 2.2933
2.6263 -1.8081 -0.9881
0.2651 -1.5908 -2.8675
-0.3685 -2.2258 -0.3431
1.6560 0.9201 -0.5671
3.1387 1.3764 2.3795
2.0497 1.0891 1.8183
2.6357 1.0436 1.8165
3.2604 2.3708 2.4219
2.0711 0.7240 0.6631
1.0627 -1.9688 -2.6793
0.5349 0.3606 -1.6173
-1.9416 -0.6772 0.4387
2.6652 2.8812 1.3860
3.0666 2.6552 -0.0076
0.7019 -1.0401 -2.7844
0.7071 3.0855 1.4284
0.8241 -2.7747 -1.8790
1.3579 -2.2371 -2.0824
1.9762 -2.0130 -2.8961
-0.4764 0.1985 -0.5935
-1.8838 0.3792 2.1388
0.4270 2.6576 -2.5266
1.9583 -2.2397 -0.2354
1.4782 -1.9288 -3.8944
2.9297 3.4083 0.6720
1.3306 -3.6028 -1.2742
2.7358 0.9905 -0.7518
-1.7651 -0.6550 0.8800
1.4137 -3.1774 -1.7841
3.5556 1.7535 1.6291
3.0835 2.0162 1.4023
2.6839 3.4587 0.3506
-0.9266 0.3088 -1.5439
1.6170 -0.5597 -4.1512
1.5628 -0.9529 -3.8623
1.0913 1.2728 -1.8503
1.5105 -1.2351 -1.5289
3.0301 1.9190 2.3417
2.2486 0.0913 0.3968
2.9267 1.9731 2.3957
0.0591 1.6159 1.3086
-0.6042 -1.4142 -1.0475
-0.7134 -3.7593 -0.5436
0.7458 -0.7316 4.2355
1.3791 -2.5490 -0.8531
2.8767 1.0903 2.3897
-0.2314 0.0033 0.7065
-0.2144 -0.9146 -4.2447
1.3506 -2.3414 -2.3059
-1.4644 0.6662 -1.2805
1.9471 0.8194 0.9650
0.4674 -2.1440 0.6482
1.1609 -1.0850 -2.4483
-1.4227 -0.8513 -0.1621
1.9301 4.5923 0.6950
2.4144 0.6193 -0.1454
1.1934 -0.3412 -1.4220
3.5232 -2.7242 -2.1255
-1.9489 0.1001 -0.1435
4.0013 2.7322 2.3636
-0.1837 -3.2293 -2.3175
0.2909 -0.8541 0.0093
0.6111 0.4943 -0.5391
0.8502 2.4199 0.4744
0.7950 1.7761 -1.3258
2.1393 -1.6134 -1.8646
0.9132 -1.2926 -1.3303
-0.9265 -0.4976 0.1038
1.7388 -2.6962 -1.2439
0.9741 -1.2485 -1.3096
-0.4959 0.3878 -0.5681
-0.8449 -2.7210 -0.3950
2.8140 2.8676 0.4605
0.4459 -3.3568 -1.7535
2.9305 -0.6290 -1.8876
1.1913 1.0783 0.6301
1.4877 0.5683 -2.7758
1.1444 -1.3634 -2.3374
2.6062 -4.4563 -0.6581
5.1372 3.2664 1.4216
0.9100 -3.8431 -1.6164
2.6026 1.7684 0.9402
-0.1069 -0.4212 -1.8378
1.7323 2.6914 1.6970
0.9032 1.3539 1.2218
1.7054 -2.4160 -3.0570
0.9255 -0.2137 -3.0063
2.6026 3.9514 0.6930
1.0893 -0.5299 -0.3669
-0.3185 -0.4330 -1.7242
1.9431 -1.2751 -0.8377
0.6451 -1.7331 1.9092
1.4748 -2.2368 -2.5977
-2.7862 2.2159 0.4272
2.8730 0.5807 0.8566
2.9379 3.4149 -0.9518
-0.1930 -0.3153 -0.3573
4.6842 1.1695 1.4468
2.2622 1.5743 2.6054
3.5590 3.0888 3.7166
1.9456 -0.5608 -2.4646
1.2920 -1.5218 -2.2077
2.5721 -2.5060 0.3028
0.2080 -2.0022 -1.7041
-0.6284 1.6897 -1.4650
-0.4459 -1.2162 -3.6829
-1.6973 -2.1682 2.2477
2.2860 0.9106 -0.3228
2.4786 2.3323 1.0435
-2.3086 0.0026 2.1793
0.6935 -2.0296 -1.3132
-0.4681 2.4174 0.1722
-1.6159 2.4365 0.0494
5.6689 1.7492 2.0705
-2.4974 -1.0349 1.6256
4.0481 -3.0923 -1.9116
-0.5018 1.2312 1.0657
-0.2462 -1.0384 1.9977
3.0419 3.7340 0.9248
-0.7198 1.2475 0.0724
0.1154 -1.0011 -1.2550
1.2902 1.4983 -1.2335
1.2561 -2.5008 -3.0279
2.7208 -3.9931 -2.8859
0.9716 -2.5087 -2.3993
-0.9239 -1.9021 -1.3230
-1.1356 2.0136 0.7897
-1.8741 2.4354 -0.0745
1.0520 -1.7992 -3.6262
2.1789 -1.0987 1.4948
0.9079 -3.4084 -2.4469
-0.4264 -2.7669 -2.9981
1.8730 -2.7729 -2.2911
2.1806 -2.6236 -0.2621
2.9375 -2.4192 -3.2924
1.4095 -1.1646 -2.8900
1.1515 -1.8615 -2.4531
-2.0944 -0.9354 0.3607
0.7534 -1.1969 -0.1248
0.7481 -2.3609 -2.2582
2.0132 -1.8441 -1.4328
0.3084 -0.8271 0.8034
1.8580 0.1141 -1.0572
-1.2206 -0.0185 -0.3232
-1.0010 -2.6105 -3.1435
3.0615 -0.6279 -0.6054
2.7012 1.4279 0.4970
0.5826 -1.9516 -2.8603
1.2205 -1.2001 -0.7957
0.7109 -2.7769 -2.2257
3.3304 2.5311 0.3285
0.7649 -3.8396 -1.8085
3.8543 2.7756 2.1939
1.6459 3.3802 2.2441
2.2223 2.5838 1.3315
1.9484 -1.8552 -2.6459
0.7002 0.4644 -2.6630
-3.5955 -4.4505 1.4822
-0.5242 -0.7522 0.9266
-1.9686 0.7038 -0.6581
2.0964 2.0924 2.7433
1.8250 0.9239 0.9962
1.8486 0.4175 1.6725
-0.1684 -2.0918 -1.7796
1.1303 0.4352 0.4455
4.0753 0.2536 -0.4664
3.6827 1.3759 0.3247
3.7768 1.7792 1.7394
1.4726 1.1621 0.1921
3.0024 1.7549 1.0389
4.2940 0.8659 2.1916
2.1398 2.1327 0.4765
0.3868 -2.1499 -1.3216
2.2901 1.8221 -1.2863
2.9146 -0.6681 0.7388
-0.0764 0.7791 -0.3282
4.2348 3.3729 -0.5123
2.9496 2.5677 1.1344
1.0420 -1.5928 -0.8103
0.9647 -3.2855 -2.3185
-0.3656 3.3548 0.4298
-0.7141 -2.1207 0.8071
3.1461 1.8704 1.1798
0.0826 -2.6734 -3.6127
-1.9435 -1.0807 -1.7253
1.0116 -2.7795 -2.1296
-0.2749 -0.7953 0.8992
-0.8883 -1.4473 1.5390
2.2521 -2.0902 -3.5850
-1.0211 -1.8166 -2.4403
2.3848 0.7873 1.1285
-0.6661 -2.4771 -3.0140
1.2609 -0.7220 -1.3918
2.7234 -0.0842 0.0574
1.8048 -2.1812 -2.1737
1.4568 -2.6712 -2.5970
1.6476 0.2610 -1.9420
1.5837 2.9915 -1.1062
2.9105 2.6947 0.1527
0.1105 -3.4903 0.2202
-1.2583 -2.4515 -0.4050
3.7332 1.1972 1.9648
2.5258 -2.7517 -2.9000
2.8151 3.9829 -1.2363
2.5438 -1.3246 1.3839
3.5893 2.5347 2.0501
2.7413 2.7949 -2.5562
-1.1430 -1.0194 0.5840
0.3039 -3.2432 -0.9024
-0.5816 0.7944 -0.9563
2.5371 1.7768 0.1560
0.4849 0.4796 -1.4117
-0.1478 -1.9997 -2.6792
0.6496 -0.3853 -1.5657
1.1790 2.2703 0.2263
2.9159 2.9945 -0.7055
4.1868 0.4832 0.4798
0.1829 -0.5905 0.2438
0.2419 -1.7945 -2.7275
4.3695 2.6943 1.7981
-0.1487 -0.3292 -0.7057
1.4849 -2.0079 -2.8287
3.1795 2.7565 0.8850
2.4395 0.5232 1.5020
1.5148 1.1880 0.7838
-1.0590 -0.7815 -0.6129
2.8577 2.9220 0.9356
2.5470 1.8759 0.2093
1.0112 -1.6872 -2.6446
-0.0604 2.5987 -2.5689
3.6857 -2.3143 -2.6142
1.0199 -2.3732 -1.5089
-1.2311 -1.3035 0.0115
1.2485 -1.0270 -1.4180
2.4312 -1.9006 -3.2632
-0.4052 -2.5431 -3.7396
1.4054 -1.6321 -2.9684
3.0382 3.6350 2.4703
1.5477 -2.5087 -2.2259
1.1111 -1.8155 -2.3022
1.0711 -2.3528 -1.1343
3.6643 2.3647 -0.4933
0.8637 -2.1113 -1.4707
-1.0863 -0.9619 -0.3453
1.0445 0.7816 -0.3508
2.7653 3.0956 -0.1131
1.2992 0.7735 1.6612
1.4349 0.4532 1.1249
1.5879 -1.6032 -2.1444
-1.6167 0.0171 1.5179
2.7457 0.2036 2.2315
3.4520 2.6614 1.3713
-0.4456 -1.7717 -2.1081
1.3187 0.0634 1.0145
3.4103 1.6676 2.5731
2.0503 0.3020 0.8306
-1.6656 0.9834 1.4768
2.1962 1.9680 -0.5576
0.7016 2.4115 1.2209
-1.9898 0.5595 -1.4383
0.4302 -1.3574 -1.4608
-1.2931 1.6176 1.9505
2.7949 2.4563 -0.6000
3.0764 1.6110 -0.3366
0.7971 0.7671 -0.5918
0.0678 -1.3296 -1.0175
0.9640 -2.1325 -0.6738
2.7363 2.8108 0.2746
3.5550 -0.0864 0.1907
1.1125 1.3025 3.7469
0.7754 -0.3168 -2.9334
2.4843 -2.3514 -2.1025
-0.8801 0.5927 0.8487
3.4372 1.7772 1.6611
2.2361 0.7816 1.6666
1.6152 2.1665 -0.2192
2.8266 0.9040 0.3449
0.0856 -0.2671 -3.5805
2.2622 -2.2053 -1.8382
0.9750 -1.1796 -1.9692
5.3921 1.3929 1.6745
-0.0939 0.3402 0.7442
4.2046 1.5279 1.3454
1.7149 0.0989 1.4030
0.6780 -1.3360 -0.2402
0.1379 -1.1409 0.0616
-0.7053 1.6382 1.2037
4.7777 2.7921 1.1894
-0.9172 1.4171 -1.1931
-0.8700 -0.8723 2.9062
3.7956 0.4321 1.0376
3.5286 2.0705 2.5560
-0.3606 -0.9960 0.4981
-1.3558 -1.6525 -1.2210
4.4172 1.8785 0.4748
0.4489 -1.5714 -0.6211
-1.9371 1.4191 -1.7714
2.8797 1.7398 0.1236
0.6483 -1.3562 -2.5854
-1.1705 1.0741 4.6948
3.0174 1.5628 1.0827
2.4077 2.4980 2.0272
0.2679 -1.0328 0.6312
1.2704 -1.4626 -3.4051
1.7528 -3.0288 -2.9046
1.5714 -2.9650 -2.8953
3.9710 0.5335 -0.0573
1.9145 -1.0988 -2.3643
3.7047 1.6103 1.3101
1.5194 2.4318 2.3029
3.3256 1.4818 3.0989
1.8199 0.0095 2.7794
1.7558 -2.4444 -0.9208
-1.2424 1.6686 1.7411
4.6062 1.6793 -1.5011
0.4647 -0.1741 -0.8511
0.5225 -0.2725 -0.5583
0.9488 -2.3803 -3.2857
1.4287 -2.5222 -2.7876
1.0513 -3.2659 -2.0777
3.4596 2.5848 0.7158
-0.1442 0.2157 -3.0709
-2.0492 0.2073 -0.1987
1.5080 2.9582 1.7700
-1.2715 0.6256 1.2419
3.2058 1.3163 -0.0034
-0.4125 1.0665 0.5235
1.4282 -2.2144 -2.7724
1.6455 -2.9031 -0.7944
-0.7022 -1.5227 0.1604
-2.4312 -0.1330 -1.5810
1.3007 -0.6772 0.3166
2.8665 -2.8447 -1.9164
1.3013 -0.0860 1.8816
1.5118 -0.6558 -0.9913
1.9326 1.6050 -0.7686
2.2771 0.6170 0.9883
1.9795 -0.9567 -2.6588
0.3109 -0.8808 2.4199
2.4285 2.2101 -0.7616
-0.2537 -1.5937 -3.8161
3.7410 0.6203 1.5108
2.2097 2.1576 1.0055
3.5029 2.2844 -0.4051
0.7375 -1.6700 -1.5008
1.1892 -1.6686 -1.7404
3.3067 1.7685 1.9398
-0.3468 -0.8075 -1.9979
5.0566 2.5300 2.2244
-1.2412 -0.7167 1.0492
0.6680 -0.8839 -1.1419
-1.5562 -1.1819 2.1211
-1.6666 -1.7776 1.0329
-2.2808 1.9293 -2.0975
0.7905 -0.6233 1.2718
4.0680 1.5725 1.5955
1.3092 -3.3159 -2.0395
1.0633 -0.9899 -1.2606
-0.4572 -0.0420 -0.4026
-1.2070 -1.9402 2.1639
1.7585 1.4788 0.2400
0.5253 1.6286 2.0581
0.5655 0.0070 0.1978
0.6809 -3.1970 -0.8287
3.3034 2.0576 1.0780
1.8395 1.0444 -1.1887
1.1139 1.2219 1.1567
0.8658 1.3701 -0.5453
2.2042 2.3683 1.9198
3.6312 0.0446 0.4859
3.2025 3.1740 0.1039
2.5306 1.6989 0.3937
0.5501 -2.8457 -1.4882
1.1261 3.6624 1.4386
3.2862 2.5519 -0.6537
3.5356 0.9430 0.7613
1.2447 2.7135 -0.2637
0.9266 -1.8926 -1.5509
-0.3320 -2.9162 -0.8367
2.4976 2.4599 2.0573
1.5215 0.2886 -0.7488
-0.5352 -1.9950 -1.3062
-0.5091 3.3240 2.1455
-1.9825 0.3382 -1.2006
0.5310 -2.6212 -1.6492
3.2283 3.0952 2.4979
2.1382 -2.2147 -2.5475
3.0953 1.9872 -0.3496
3.3482 2.1969 1.0710
2.4514 1.9014 1.4699
1.5292 -0.5956 -3.1758
-2.0754 3.0936 -0.6986
1.3870 0.3235 -0.3819
0.3624 -1.3014 -3.4713
0.3806 -3.3209 -0.2756
1.7946 2.6350 1.5852
-0.7162 -0.5623 -0.5338
0.1249 -1.2433 -1.0404
-1.4746 -1.8898 -1.5435
3.2414 1.9910 1.2998
-0.2753 -3.3678 -2.5268
0.1550 -1.5476 -3.5014
2.7893 2.8646 1.0653
2.4098 2.7550 0.7025
-2.3223 0.4818 0.0826
-0.1488 -0.0726 -0.3555
0.4374 -3.7925 -1.7067
3.2028 2.0444 0.6109
3.3014 2.4528 0.1769
2.3565 1.8450 1.6269
3.0019 2.2791 2.0502
1.3445 -0.2017 -1.2526
1.4026 -1.0329 -2.9083
-0.4466 0.9259 -1.7259
3.4631 3.0005 0.7890
-1.5140 -2.5892 -1.0600
-1.2023 -1.1708 -0.7698
2.0794 1.9123 0.4987
-0.1518 0.3772 0.1996
3.0151 -1.6715 -3.3013
3.0221 3.5749 1.6082
3.5085 2.2176 -0.2633
-1.4859 -0.4420 0.9485
3.1138 3.1795 2.4545
-0.0832 -3.5955 -3.0951
0.7759 -3.2360 -0.9282
1.8121 -4.0369 -1.8895
1.9922 -3.3995 -0.2129
0.7119 -1.6087 -0.9113
0.3343 -1.3593 -2.7827
2.3469 2.4254 2.0342
0.8541 0.1191 1.5357
0.9934 2.5837 -1.2329
-0.7951 -1.8035 -1.0300
2.5254 -2.6405 1.1093
1.2417 -2.4868 -2.6335
1.7699 -0.6570 -1.3645
-1.8987 -1.6371 -2.6668
3.2826 1.0244 0.2255
2.4768 4.4302 3.0880
1.4061 -0.2878 1.5651
2.1055 -3.0129 -3.2282
1.3959 -1.2193 -1.4239
-0.0476 -1.1068 0.5131
1.3061 3.3105 1.9728
3.3884 2.0215 -0.5065
3.7244 2.9459 1.3654
0.6512 -2.3756 -2.4198
1.2741 3.7199 0.0082
-2.1784 -0.4381 0.1920
2.3762 1.7638 0.3869
-1.4688 -0.4493 0.3800
-0.4021 1.0991 -1.7447
0.6871 -4.0424 0.4141
-1.7084 0.1839 -0.2699
3.2442 2.7726 0.8477
-1.2117 -0.3024 -0.8232
0.9447 -2.0510 -3.5510
3.1244 -1.5619 -1.0791
0.0203 0.6911 1.3141
2.5740 0.9506 1.5640
0.3650 -1.1311 1.7720
-1.7315 2.2354 -0.0569
-1.4606 -0.2311 0.3686
-0.6000 -1.5912 0.2704
-0.1493 -2.1967 -2.1811
1.6111 0.8270 -1.1708
0.6017 0.4514 -1.0988
-0.6924 -0.6776 -0.4296
0.1729 -1.9540 -1.8501
-1.0375 1.1578 2.3326
3.9945 1.5171 1.0118
-0.7462 -0.8430 -0.7011
1.5328 -1.8501 -1.6650
1.1979 -2.9544 0.2814
1.4257 2.8476 1.1885
-0.1004 1.7964 0.8147
3.2692 1.0666 2.0006
2.6857 3.5269 -0.5200
-0.0458 -2.8162 -2.2723
0.2917 -1.4664 -0.9400
0.2123 -0.3737 -1.1421
2.5258 -1.9358 -1.1475
4.8952 2.2776 1.3051
3.0435 2.8233 1.9422
1.1679 -1.3592 -1.3756
1.2740 -1.0328 -0.3036
-0.9362 -0.4466 -2.5816
2.3147 1.1842 1.4319
0.7498 0.4304 -1.3883
3.4820 2.3177 0.3384
2.5455 -0.1714 0.3331
0.7864 -1.9562 -1.9859
0.4700 1.0023 -0.2533
0.5941 -0.2453 1.7420
1.2498 -0.7412 -1.8765
2.2057 -1.8696 -2.3450
2.9704 -2.0573 -0.0338
3.5990 0.4816 -1.3022
4.5230 2.8293 2.0169
0.5932 -2.1804 -1.5355
-1.9637 -2.2352 -0.3274
3.3014 2.5534 0.5988
3.5700 2.7328 0.2346
-0.8036 -0.5280 -0.7736
0.8336 -1.5968 -1.1915
0.3337 -0.9773 -1.9689
-0.8528 -0.2686 0.3303
0.8592 -1.6294 1.9297
0.5380 -3.6129 -2.0291
0.5548 -1.5099 -0.8938
0.8437 -3.9556 -2.8354
4.6842 1.9659 1.5413
1.0218 0.2150 0.2878
-0.5322 -1.7055 0.7693
2.5085 2.6163 2.2061
1.4432 -2.6712 -1.2367
4.1609 3.2291 -0.4924
3.1617 1.5230 1.2648
3.1842 1.6561 1.6765
1.9806 -4.0462 -1.5138
1.4702 2.5553 -0.2705
2.9715 1.2751 0.0957
-0.7452 4.6154 -0.8994
-1.7764 0.3925 1.2260
3.0348 0.0508 1.6434
2.1844 2.3386 0.8797
0.8122 -2.1406 -2.8719
-1.1399 -1.7438 -1.9297
0.7191 -1.0187 3.0128
4.1449 2.3985 0.0624
2.4464 -1.0477 -0.4472
2.2444 1.3656 1.4409
0.6727 0.1672 -0.8319
3.4345 3.7234 0.4521
0.2929 -0.7312 -1.2542
-0.6562 -2.5675 -1.3320
1.7444 -0.9492 -0.2097
1.2622 -2.7731 -2.2884
3.9044 1.5381 1.1060
2.9691 -0.1018 -1.4686
4.3596 2.3535 0.0469
2.0429 2.8906 -0.7515
2.0951 4.1564 0.9459
0.9117 0.3241 0.3409
1.1179 -2.9587 -3.2155
3.1706 3.0330 1.5142
3.1107 2.5236 -0.1628
0.0570 -1.2823 -1.0620
1.5384 -2.9560 -1.7751
0.8304 -0.3826 -1.1023
3.5223 1.3250 -0.7041
2.4660 -1.5406 -1.4798
1.0921 -1.0404 -1.1342
1.2564 2.9872 -0.1926
0.6009 0.2112 1.4516
2.7951 1.8141 1.2602
0.2084 -2.1175 -0.8455
1.6893 3.1206 0.9086
-1.6515 -1.1446 -2.2664
-0.6551 2.2385 0.1675
1.4847 -2.0477 -0.1358
0.9283 -1.8245 -0.7057
4.2980 2.2327 -0.4799
-1.7412 1.9192 1.5731
0.2455 1.9514 -0.6731
0.8573 1.4654 -1.5461
-0.5336 -1.6796 -0.2333
1.3120 -2.4684 -1.4827
1.8775 -0.3309 -1.2400
0.6649 -2.5681 0.6657
-1.7537 0.7395 1.2012
-1.9976 -0.8123 -0.6388
1.3304 -1.2459 -2.8754
1.6943 2.0824 2.0559
1.8356 2.9063 0.5194
2.8957 1.8318 0.0461
0.9042 -3.1645 -2.5128
3.9350 2.0347 -0.1091
0.2372 -3.5254 -1.8159
0.3223 0.9988 1.1346
-0.2329 -2.3605 -2.1248
3.4949 1.5843 1.3667
2.4225 -1.7234 -1.3202
2.2518 -4.0083 -2.1563
2.3819 2.8416 1.5376
-0.2192 -1.3887 0.4382
-0.5119 0.2150 0.9590
1.0432 -2.3858 -2.4153
0.4195 -2.2964 -2.5674
3.0336 3.3574 1.0785
0.6202 -2.5217 -0.4322
2.8141 0.4675 2.0739
-1.6873 2.5732 3.9910
2.5010 2.6384 -0.2070
1.8706 -1.0513 -0.6147
3.1621 2.1874 -0.4661
3.0475 1.3032 2.3368
1.1805 0.1143 -2.1819
1.2747 0.1223 -0.8339
1.3850 -1.4513 -0.5055
2.8042 0.7473 1.1370
1.5508 -2.3999 0.8908
-0.7929 -1.9749 0.2155
-1.9686 -0.4840 2.3578
